%YAML:1.0
---
image_width: 640
image_height: 480
camera_matrix: !!opencv-matrix
   rows: 3
   cols: 3
   dt: d
   data: [ 497.96672071, 0., 327.03668717, 0.,
       499.44064717, 249.25138718, 0., 0., 1. ]
distortion_coefficients: !!opencv-matrix
   rows: 5
   cols: 1
   dt: d
   data: [ -4.12615750e-01, 2.42297871e-01,
       -2.21821894e-03,  4.30552579e-05,
      -7.70704893e-02 ]