%YAML:1.0
---
image_width: 640
image_height: 480
camera_matrix: !!opencv-matrix
   rows: 3
   cols: 3
   dt: d
   data: [ 496.76369689, 0., 334.08802467, 0.,
       496.98146838, 249.01653884, 0., 0., 1. ]
distortion_coefficients: !!opencv-matrix
   rows: 5
   cols: 1
   dt: d
   data: [ -4.22942084e-01,  2.87276839e-01, -6.85062056e-04,
        -2.37749961e-04, -1.31037202e-01]
R: !!opencv-matrix
   rows: 3
   cols: 3
   dt: d
   data: [[1.0, 0.0, 0.0],[0.0, 1.0, 0.0],[0.0, 0.0, 1.0]]
T: !!opencv-matrix
   rows: 3
   cols: 1
   dt: d
   data: [ 0.0, 0.0, 0.0 ]