%YAML:1.0
---
image_width: 640
image_height: 480
camera_matrix: !!opencv-matrix
   rows: 3
   cols: 3
   dt: d
   data: [ 494.54824903, 0., 324.59126248, 0.,
       496.25580414, 249.9819097, 0., 0., 1. ]
distortion_coefficients: !!opencv-matrix
   rows: 5
   cols: 1
   dt: d
   data: [ -0.37002021, 0.08519483,
       -0.00115699, 0.00355249,
      0.11402515 ]