%YAML:1.0
---
image_width: 640
image_height: 480
camera_matrix: !!opencv-matrix
   rows: 3
   cols: 3
   dt: d
   data: [ 498.8527351, 0., 333.79302001, 0.,
       498.99265566, 250.29616051, 0., 0., 1. ]
distortion_coefficients: !!opencv-matrix
   rows: 5
   cols: 1
   dt: d
   data: [-4.18450125e-01,  2.68538109e-01, -7.71248671e-04,
        -3.10838029e-04, -1.14463981e-01]
R: !!opencv-matrix
   rows: 3
   cols: 3
   dt: d
   data: [[1.0, 0.0, 0.0],[0.0, 1.0, 0.0],[0.0, 0.0, 1.0]]
T: !!opencv-matrix
   rows: 3
   cols: 1
   dt: d
   data: [ -60.43541638, 0.10636027, 0.44561759 ]